{
  "x": 1140.4666748046875,
  "y": 7463.39990234375,
  "width": 89.53334045410156,
  "height": 29
}